CPU	 1	 0.1	 0.0361111
CPU	 3	 0.133325	 0.0368571
CPU	 5	 0.116675	 0.00371429
CPU	 9	 0.1	 0.00185714
CPU	 7	 0.1	 0.011875
IO	 8	 18.2167	 3.00552e-05
IO	 4	 18.45	 3.00454e-05
IO	 6	 18.3333	 3.00405e-05
IO	 2	 18.6833	 3.00147e-05
IO	 0	 18.6833	 3.00772e-05
CPU	 1	 0.11665	 0.0186667
CPU	 3	 0.13335	 0.0084
CPU	 5	 0.11665	 0.022
CPU	 7	 0.166675	 0.0176667
CPU	 9	 0.233325	 0.0135
CPU	 11	 0.25	 0.0155
CPU	 13	 0.266675	 0.0205
CPU	 15	 0.25	 0.0115
CPU	 17	 0.216675	 0.0015
CPU	 19	 0.26665	 0.026
CPU	 21	 0.25	 0.0225
CPU	 23	 0.25	 0.011
CPU	 25	 0.216675	 0.0075
CPU	 27	 0.233325	 0.0035
CPU	 29	 0.25	 0.023
CPU	 31	 0.266675	 0.0185
CPU	 33	 0.216675	 0.0035
CPU	 35	 0.183325	 0.0194
CPU	 37	 0.21665	 0.004
CPU	 39	 0.266675	 0.017
CPU	 41	 0.233325	 0.0205
CPU	 43	 0.23335	 0.004
CPU	 45	 0.25	 0.0245
CPU	 47	 0.25	 0.0205
CPU	 49	 0.2	 0
CPU	 51	 0.25	 0.0115
CPU	 53	 0.25	 0.006
CPU	 55	 0.266675	 0.024
CPU	 57	 0.183325	 0
CPU	 59	 0.233325	 0.0125
CPU	 61	 0.233325	 0.0015
CPU	 63	 0.216675	 0.0075
CPU	 65	 0.2	 0.0208
CPU	 67	 0.21665	 0.007
CPU	 69	 0.25	 0.0105
CPU	 71	 0.216675	 0.004
CPU	 73	 0.233325	 0.0075
CPU	 75	 0.2	 0.0055
CPU	 77	 0.233325	 0.0075
CPU	 79	 0.23335	 0.004
CPU	 81	 0.25	 0.012
CPU	 83	 0.233325	 0.004
CPU	 85	 0.233325	 0.001
CPU	 87	 0.23335	 0.012
CPU	 89	 0.3	 0.0015
CPU	 91	 0.15	 0.0238333
CPU	 93	 0.166675	 0.0278333
CPU	 95	 0.25	 0.0095
CPU	 97	 0.21665	 0
CPU	 99	 0.23335	 0.007
IO	 0	 452.967	 0.000325236
IO	 2	 452.85	 0.000287909
IO	 4	 452.717	 0.000320976
IO	 6	 452.6	 0.00031522
IO	 8	 452.433	 0.000326396
IO	 10	 452.2	 0.000316814
IO	 12	 451.95	 0.000319016
IO	 14	 451.683	 0.000316266
IO	 16	 451.433	 0.000318125
IO	 18	 451.233	 0.000320358
IO	 20	 450.967	 0.000317678
IO	 22	 450.717	 0.000316037
IO	 24	 450.467	 0.000315707
IO	 26	 450.25	 0.000317415
IO	 28	 450.017	 0.000316761
IO	 30	 449.767	 0.000317625
IO	 32	 449.5	 0.00031319
IO	 34	 449.283	 0.000315227
IO	 36	 449.083	 0.000317142
IO	 38	 448.867	 0.000317084
IO	 40	 448.6	 0.000305046
IO	 42	 448.367	 0.000316381
IO	 44	 448.15	 0.000317017
IO	 46	 447.9	 0.000320976
IO	 48	 447.633	 0.000315976
IO	 50	 447.433	 0.00031679
IO	 52	 447.183	 0.00031758
IO	 54	 446.933	 0.000320616
IO	 56	 446.667	 0.000322097
IO	 58	 446.467	 0.000320983
IO	 60	 446.217	 0.000316913
IO	 62	 445.983	 0.000317004
IO	 64	 445.767	 0.000315924
IO	 66	 445.55	 0.000316758
IO	 68	 445.333	 0.000321715
IO	 70	 445.083	 0.000317012
IO	 72	 444.867	 0.000316703
IO	 74	 444.633	 0.000319497
IO	 76	 444.417	 0.000316744
IO	 78	 444.183	 0.000315138
IO	 80	 443.95	 0.000315255
IO	 82	 443.7	 0.000315807
IO	 84	 443.467	 0.00031822
IO	 86	 443.233	 0.000316468
IO	 88	 443.017	 0.000317377
IO	 90	 442.7	 0.000316581
IO	 92	 442.533	 0.000315788
IO	 94	 442.367	 0.000317491
IO	 96	 442.117	 0.000326604
IO	 98	 441.9	 0.000313608
CPU	 1	 0.233325	 0.001
CPU	 3	 0.23335	 0.009
CPU	 5	 0.16665	 0.0236667
CPU	 7	 0.15	 0.0211667
CPU	 9	 0.2	 0.0226
CPU	 11	 0.166675	 0.0144
CPU	 13	 0.183325	 0.0228333
CPU	 15	 0.216675	 0.006
CPU	 17	 0.25	 0.013
CPU	 19	 0.2	 0.00766667
CPU	 21	 0.183325	 0.0184
CPU	 23	 0.1	 0.0114
CPU	 25	 0.1	 0.00866667
CPU	 27	 0.1	 0.0028
CPU	 29	 0.116675	 0.005
CPU	 31	 0.11665	 0.0106667
CPU	 33	 0.13335	 0.023
CPU	 35	 0.1	 0.0026
CPU	 37	 0.11665	 0.018
CPU	 39	 0.1	 0.0054
CPU	 41	 0.116675	 0.009
CPU	 43	 0.11665	 0.011
CPU	 45	 0.116675	 0.0186667
CPU	 47	 0.116675	 0.0038
CPU	 49	 0.11665	 0.0113333
CPU	 51	 0.116675	 0.0048
CPU	 53	 0.1	 0.0028
CPU	 55	 0.116675	 0.0103333
CPU	 57	 0.116675	 0.0204
CPU	 59	 0.116675	 0.0042
CPU	 61	 0.11665	 0.0181667
CPU	 63	 0.116675	 0.00816667
CPU	 65	 0.116675	 0.0048
CPU	 67	 0.11665	 0.0113333
CPU	 69	 0.116675	 0.0058
CPU	 71	 0.116675	 0.0054
CPU	 73	 0.11665	 0.0106667
CPU	 75	 0.1	 0.003
CPU	 77	 0.116675	 0.0188
CPU	 79	 0.1	 0.00685714
CPU	 81	 0.11665	 0.0168
CPU	 83	 0.1	 0.0028
CPU	 85	 0.116675	 0.0181667
CPU	 87	 0.116675	 0.0044
CPU	 89	 0.1	 0.0028
CPU	 91	 0.06665	 0.0155
CPU	 93	 0	 0.0142
CPU	 95	 0	 0.0146
CPU	 97	 0.116675	 0.013
CPU	 99	 0.11665	 0.0082
CPU	 101	 0.1	 0.0144
CPU	 103	 0.116675	 0.0114286
CPU	 105	 0.116675	 0.0042
CPU	 107	 0.11665	 0.0202
CPU	 109	 0.116675	 0.0165
CPU	 111	 0.116675	 0.0048
CPU	 113	 0.11665	 0.0046
CPU	 115	 0.116675	 0.00883333
CPU	 117	 0.116675	 0.0038
CPU	 119	 0.11665	 0.003
CPU	 121	 0.116675	 0.0165714
CPU	 123	 0.133325	 0.0084
CPU	 125	 0.133325	 0.0228
CPU	 127	 0.116675	 0.0106667
CPU	 129	 0.116675	 0.0192
CPU	 131	 0.11665	 0.0194
CPU	 133	 0.116675	 0.0118333
CPU	 135	 0.1	 0.0161667
CPU	 137	 0.133325	 0.0074
CPU	 139	 0.116675	 0.0111667
CPU	 141	 0.11665	 0.0204
CPU	 143	 0.116675	 0.004
CPU	 145	 0.116675	 0.0163333
CPU	 147	 0.11665	 0.0052
CPU	 149	 0.116675	 0.0104
CPU	 151	 0.116675	 0.0131667
CPU	 153	 0.11665	 0.00983333
CPU	 155	 0.116675	 0.021
CPU	 157	 0.1	 0.00933333
CPU	 159	 0.1	 0.005
CPU	 161	 0.11665	 0.004
CPU	 163	 0.116675	 0.0181667
CPU	 165	 0.116675	 0.0152
CPU	 167	 0.11665	 0.005
CPU	 169	 0.08335	 0.016
CPU	 171	 0.11665	 0.0188333
CPU	 173	 0.1	 0.0066
CPU	 175	 0.11665	 0.0121667
CPU	 177	 0.116675	 0.005
CPU	 179	 0.116675	 0.0216
CPU	 181	 0.11665	 0.0095
CPU	 183	 0.116675	 0.02
CPU	 185	 0.116675	 0.008
CPU	 187	 0.1	 0.00657143
CPU	 189	 0.11665	 0.0172
CPU	 191	 0.116675	 0.0176
CPU	 193	 0.116675	 0.0108333
CPU	 195	 0.11665	 0.0046
CPU	 197	 0.116675	 0.006
CPU	 199	 0.116675	 0.0105
IO	 0	 669.55	 0.000672436
IO	 2	 669.317	 0.000674043
IO	 4	 669.1	 0.000672408
IO	 6	 668.933	 0.000675576
IO	 8	 668.783	 0.000674485
IO	 10	 668.567	 0.000672671
IO	 12	 668.417	 0.000674706
IO	 14	 668.233	 0.000674121
IO	 16	 668.017	 0.000674168
IO	 18	 667.767	 0.000676883
IO	 20	 667.567	 0.000674906
IO	 22	 667.383	 0.000665499
IO	 24	 667.3	 0.000674852
IO	 26	 667.2	 0.000666703
IO	 28	 667.1	 0.000675064
IO	 30	 666.983	 0.000672914
IO	 32	 666.867	 0.000675251
IO	 34	 666.75	 0.000675056
IO	 36	 666.65	 0.000674657
IO	 38	 666.517	 0.000672933
IO	 40	 666.417	 0.000642296
IO	 42	 666.3	 0.000674319
IO	 44	 666.183	 0.000676598
IO	 46	 666.083	 0.000673791
IO	 48	 665.967	 0.000675702
IO	 50	 665.85	 0.000675794
IO	 52	 665.733	 0.000674764
IO	 54	 665.633	 0.00067498
IO	 56	 665.5	 0.000666458
IO	 58	 665.383	 0.000674373
IO	 60	 665.283	 0.000674202
IO	 62	 665.167	 0.00067069
IO	 64	 665.05	 0.00067446
IO	 66	 664.933	 0.000672948
IO	 68	 664.817	 0.00067039
IO	 70	 664.7	 0.000670929
IO	 72	 664.6	 0.00066857
IO	 74	 664.467	 0.00066859
IO	 76	 664.367	 0.000674215
IO	 78	 664.25	 0.000673007
IO	 80	 664.15	 0.000666563
IO	 82	 664.033	 0.000675202
IO	 84	 663.933	 0.000666867
IO	 86	 663.833	 0.000674042
IO	 88	 663.717	 0.000672296
IO	 90	 663.617	 0.000673852
IO	 92	 663.55	 0.000666063
IO	 94	 663.55	 0.000675583
IO	 96	 663.55	 0.000704
IO	 98	 663.417	 0.00067499
IO	 100	 663.317	 0.000673096
IO	 102	 663.217	 0.000673253
IO	 104	 663.1	 0.000666076
IO	 106	 662.983	 0.000669513
IO	 108	 662.867	 0.000673225
IO	 110	 662.75	 0.000674508
IO	 112	 662.633	 0.000672916
IO	 114	 662.517	 0.000673559
IO	 116	 662.4	 0.000673888
IO	 118	 662.283	 0.000673734
IO	 120	 662.167	 0.000674478
IO	 122	 662.05	 0.000669176
IO	 124	 661.933	 0.000668362
IO	 126	 661.783	 0.000659781
IO	 128	 661.667	 0.000673748
IO	 130	 661.55	 0.000674121
IO	 132	 661.417	 0.000672108
IO	 134	 661.3	 0.000644113
IO	 136	 661.2	 0.000672193
IO	 138	 661.067	 0.00067568
IO	 140	 660.95	 0.00067276
IO	 142	 660.833	 0.000676293
IO	 144	 660.717	 0.000672925
IO	 146	 660.6	 0.000670122
IO	 148	 660.483	 0.000675365
IO	 150	 660.367	 0.000662996
IO	 152	 660.25	 0.00067571
IO	 154	 660.133	 0.00067322
IO	 156	 660.017	 0.000670424
IO	 158	 659.9	 0.000670387
IO	 160	 659.8	 0.000664902
IO	 162	 659.683	 0.000673613
IO	 164	 659.567	 0.000666015
IO	 166	 659.45	 0.000669691
IO	 168	 659.333	 0.000666393
IO	 170	 659.25	 0.000674982
IO	 172	 659.133	 0.000666347
IO	 174	 659.017	 0.000667123
IO	 176	 658.883	 0.000670113
IO	 178	 658.767	 0.000671932
IO	 180	 658.65	 0.00067123
IO	 182	 658.55	 0.000666737
IO	 184	 658.433	 0.000671938
IO	 186	 658.317	 0.000668113
IO	 188	 658.217	 0.000672079
IO	 190	 658.1	 0.000674906
IO	 192	 657.983	 0.000673868
IO	 194	 657.867	 0.000665826
IO	 196	 657.75	 0.000674194
IO	 198	 657.633	 0.000665651
CPU	 1	 0.25	 0.02
CPU	 3	 0.183325	 0.0232
CPU	 5	 0.233325	 0.0085
CPU	 7	 0.25	 0.0185
CPU	 9	 0.23335	 0.0055
CPU	 11	 0.183325	 0.0241667
CPU	 13	 0.233325	 0.0075
CPU	 15	 0.23335	 0.004
CPU	 17	 0.16665	 0.016
CPU	 19	 0.216675	 0.0005
CPU	 21	 0.233325	 0.0035
CPU	 23	 0.183325	 0.025
CPU	 25	 0.266675	 0.0195
CPU	 27	 0.216675	 0.004
CPU	 29	 0.25	 0.0205
CPU	 31	 0.25	 0.012
CPU	 33	 0.25	 0.009
CPU	 35	 0.16665	 0.018
CPU	 37	 0.23335	 0.011
CPU	 39	 0.2	 0.0232
CPU	 41	 0.233325	 0.0105
CPU	 43	 0.183325	 0.0215
CPU	 45	 0.2	 0.011
CPU	 47	 0.216675	 0.0015
CPU	 49	 0.25	 0.018
IO	 0	 158.633	 0.000118585
IO	 2	 158.383	 0.000119166
IO	 4	 158.2	 0.000117393
IO	 6	 157.967	 0.00011743
IO	 8	 157.717	 9.83907e-05
IO	 10	 157.483	 0.00011534
IO	 12	 157.3	 0.000112459
IO	 14	 157.067	 0.000113076
IO	 16	 156.833	 0.000117883
IO	 18	 156.667	 0.000111682
IO	 20	 156.45	 0.000114508
IO	 22	 156.217	 0.000115064
IO	 24	 156.033	 0.000116807
IO	 26	 155.767	 0.000113719
IO	 28	 155.55	 0.000113234
IO	 30	 155.3	 0.000116581
IO	 32	 155.05	 0.000115994
IO	 34	 154.8	 0.000115589
IO	 36	 154.633	 0.000117613
IO	 38	 154.4	 0.000110855
IO	 40	 154.2	 0.00011478
IO	 42	 153.967	 0.000118269
IO	 44	 153.783	 0.0001113
IO	 46	 153.583	 0.000115733
IO	 48	 153.367	 0.000119106