CPU	 1	 0.116675	 0.0248889
CPU	 5	 0.1	 0.00928571
CPU	 3	 0.11665	 0.00328571
CPU	 7	 0.083325	 0.012
CPU	 9	 0.1	 0.00185714
IO	 8	 15.5667	 1.58554e-05
IO	 6	 15.65	 1.59644e-05
IO	 2	 15.8833	 1.61985e-05
IO	 4	 15.7667	 1.60824e-05
IO	 0	 16	 1.61974e-05
CPU	 1	 0.283325	 0.038
CPU	 3	 0.23335	 0.0282
CPU	 5	 0.233325	 0.029
CPU	 7	 0.25	 0.0326667
CPU	 9	 0.283325	 0.0316667
CPU	 11	 0.216675	 0.0246
CPU	 13	 0.266675	 0.0105
CPU	 15	 0.183325	 0.0186
CPU	 17	 0.233325	 0.0278
CPU	 19	 0.2	 0.0241429
CPU	 21	 0.2	 0.0374
CPU	 23	 0.216675	 0.01
CPU	 25	 0.183325	 0.0228333
CPU	 27	 0.216675	 0.0254
CPU	 29	 0.25	 0.0355
CPU	 31	 0.26665	 0.0365
CPU	 33	 0.216675	 0.0256
CPU	 35	 0.266675	 0.036
CPU	 37	 0.21665	 0.0267143
CPU	 39	 0.23335	 0.037
CPU	 41	 0.233325	 0.0284
CPU	 43	 0.266675	 0.035
CPU	 45	 0.2	 0.019
CPU	 47	 0.25	 0.0428
CPU	 49	 0.26665	 0.0338333
CPU	 51	 0.23335	 0.0276
CPU	 53	 0.183325	 0.0171667
CPU	 55	 0.266675	 0.0426667
CPU	 57	 0.233325	 0.0286
CPU	 59	 0.216675	 0.0272
CPU	 61	 0.15	 0.0185
CPU	 63	 0.23335	 0.0213333
CPU	 65	 0.26665	 0.036
CPU	 67	 0.25	 0.0291429
CPU	 69	 0.266675	 0.0498
CPU	 71	 0.25	 0.0201667
CPU	 73	 0.266675	 0.0353333
CPU	 75	 0.283325	 0.052
CPU	 77	 0.233325	 0.0306
CPU	 79	 0.216675	 0.0128571
CPU	 81	 0.25	 0.0345
CPU	 83	 0.216675	 0.027
CPU	 85	 0.216675	 0.0275
CPU	 87	 0.21665	 0.0225
CPU	 89	 0.266675	 0.0342
CPU	 91	 0.166675	 0.02
CPU	 93	 0.26665	 0.0368
CPU	 95	 0.233325	 0.028
CPU	 97	 0.25	 0.0325
CPU	 99	 0.23335	 0.0278
IO	 0	 303.267	 0.000248078
IO	 2	 302.983	 0.000248078
IO	 4	 302.75	 0.000247778
IO	 6	 302.517	 0.000247542
IO	 8	 302.267	 0.000247302
IO	 10	 301.983	 0.000247059
IO	 12	 301.767	 0.000246779
IO	 14	 301.5	 0.000246553
IO	 16	 301.317	 0.000246282
IO	 18	 301.083	 0.000246086
IO	 20	 300.883	 0.000245863
IO	 22	 300.683	 0.00024564
IO	 24	 300.45	 0.000245449
IO	 26	 300.267	 0.000245214
IO	 28	 300.05	 0.00024503
IO	 30	 299.8	 0.000244802
IO	 32	 299.533	 0.000244546
IO	 34	 299.317	 0.000244279
IO	 36	 299.067	 0.000244052
IO	 38	 298.85	 0.000243778
IO	 40	 298.617	 0.000243556
IO	 42	 298.383	 0.000243314
IO	 44	 298.117	 0.000243084
IO	 46	 297.917	 0.000242821
IO	 48	 297.667	 0.00024261
IO	 50	 297.4	 0.000242362
IO	 52	 297.167	 0.000242109
IO	 54	 296.983	 0.00024187
IO	 56	 296.717	 0.00024167
IO	 58	 296.483	 0.000241406
IO	 60	 296.25	 0.000241168
IO	 62	 296.1	 0.000240928
IO	 64	 295.867	 0.000240772
IO	 66	 295.6	 0.000240535
IO	 68	 295.35	 0.000240257
IO	 70	 295.083	 0.000240002
IO	 72	 294.833	 0.000239761
IO	 74	 294.567	 0.00023949
IO	 76	 294.283	 0.000239231
IO	 78	 294.033	 0.000238942
IO	 80	 293.8	 0.000238703
IO	 82	 293.55	 0.000238463
IO	 84	 293.333	 0.000238203
IO	 86	 293.117	 0.000237985
IO	 88	 292.9	 0.000237771
IO	 90	 292.633	 0.00023755
IO	 92	 292.467	 0.00023729
IO	 94	 292.2	 0.000237114
IO	 96	 291.95	 0.000236845
IO	 98	 291.7	 0.000236596
CPU	 1	 0.116675	 0.0163333
CPU	 3	 0.11665	 0.00433333
CPU	 5	 0.116675	 0.0084
CPU	 7	 0.1	 0.00866667
CPU	 9	 0.116675	 0.011
CPU	 11	 0.11665	 0.0052
CPU	 13	 0.116675	 0.017
CPU	 15	 0.116675	 0.0128
CPU	 17	 0.1	 0.0128333
CPU	 19	 0.11665	 0.0175
CPU	 21	 0.1	 0.0006
CPU	 23	 0.1	 0.0184
CPU	 25	 0.1	 0.00933333
CPU	 27	 0.116675	 0.0048
CPU	 29	 0.1	 0.0034
CPU	 31	 0.1	 0.00966667
CPU	 33	 0.1	 0.0032
CPU	 35	 0.08335	 0.0066
CPU	 37	 0.1	 0.0095
CPU	 39	 0.116675	 0.0086
CPU	 41	 0.116675	 0.0054
CPU	 43	 0.133325	 0.0115
CPU	 45	 0.1	 0.003
CPU	 47	 0.133325	 0.0042
CPU	 49	 0.116675	 0.01
CPU	 51	 0.116675	 0.022
CPU	 53	 0.11665	 0.0175
CPU	 55	 0.116675	 0.0183333
CPU	 57	 0.1	 0.0024
CPU	 59	 0.116675	 0.0192
CPU	 61	 0.11665	 0.00933333
CPU	 63	 0.1	 0.0198
CPU	 65	 0.116675	 0.0062
CPU	 67	 0.11665	 0.0108333
CPU	 69	 0.116675	 0.005
CPU	 71	 0.116675	 0.0095
CPU	 73	 0.11665	 0.0103333
CPU	 75	 0.116675	 0.0116
CPU	 77	 0.116675	 0.0036
CPU	 79	 0.1	 0.01
CPU	 81	 0.11665	 0.0036
CPU	 83	 0.116675	 0.0038
CPU	 85	 0.116675	 0.0103333
CPU	 87	 0.1	 0.0044
CPU	 89	 0.11665	 0.018
CPU	 91	 0.116675	 0.0113333
CPU	 93	 0.116675	 0.006
CPU	 95	 0.11665	 0.016
CPU	 97	 0.116675	 0.00966667
CPU	 99	 0.1	 0.0164
CPU	 101	 0.116675	 0.005
CPU	 103	 0.11665	 0.0103333
CPU	 105	 0.08335	 0.0196
CPU	 107	 0.11665	 0.0185
CPU	 109	 0.13335	 0.0125
CPU	 111	 0.1	 0.0018
CPU	 113	 0.11665	 0.018
CPU	 115	 0.13335	 0.0145
CPU	 117	 0.1	 0.0024
CPU	 119	 0.11665	 0.0052
CPU	 121	 0.116675	 0.0108333
CPU	 123	 0.116675	 0.0178333
CPU	 125	 0.1	 0.003
CPU	 127	 0.133325	 0.02
CPU	 129	 0.116675	 0.0048
CPU	 131	 0.11665	 0.0224
CPU	 133	 0.15	 0.0151667
CPU	 135	 0.13335	 0.019
CPU	 137	 0.11665	 0.0044
CPU	 139	 0.116675	 0.017
CPU	 141	 0.116675	 0.0096
CPU	 143	 0.11665	 0.0228
CPU	 145	 0.116675	 0.01
CPU	 147	 0.1	 0.0032
CPU	 149	 0.133325	 0.0076
CPU	 151	 0.11665	 0.0115
CPU	 153	 0.116675	 0.005
CPU	 155	 0.1	 0.021
CPU	 157	 0.11665	 0.0121429
CPU	 159	 0.116675	 0.0042
CPU	 161	 0.116675	 0.0192
CPU	 163	 0.11665	 0.0103333
CPU	 165	 0.1	 0.0186
CPU	 167	 0.116675	 0.0044
CPU	 169	 0.1	 0.0101667
CPU	 171	 0.11665	 0.0208
CPU	 173	 0.1	 0.00283333
CPU	 175	 0.1	 0.017
CPU	 177	 0.1	 0.0111667
CPU	 179	 0.11665	 0.0046
CPU	 181	 0.116675	 0.018
CPU	 183	 0.116675	 0.0068
CPU	 185	 0.116675	 0.0058
CPU	 187	 0.116675	 0.0116667
CPU	 189	 0.11665	 0.0056
CPU	 191	 0.116675	 0.0113333
CPU	 193	 0.116675	 0.012
CPU	 195	 0.116675	 0.0042
CPU	 197	 0.1	 0.0014
CPU	 199	 0.116675	 0.0108333
IO	 0	 407.167	 0.000349813
IO	 2	 407.05	 0.000349821
IO	 4	 406.933	 0.000349703
IO	 6	 406.833	 0.000349588
IO	 8	 406.733	 0.000349475
IO	 10	 406.617	 0.000349372
IO	 12	 406.5	 0.000349264
IO	 14	 406.383	 0.000349154
IO	 16	 406.267	 0.000349046
IO	 18	 406.167	 0.000348923
IO	 20	 406.05	 0.000348815
IO	 22	 405.95	 0.000348701
IO	 24	 405.85	 0.000348601
IO	 26	 405.75	 0.000348499
IO	 28	 405.633	 0.000348396
IO	 30	 405.533	 0.000348289
IO	 32	 405.433	 0.000348174
IO	 34	 405.333	 0.000348067
IO	 36	 405.233	 0.00034796
IO	 38	 405.117	 0.000347845
IO	 40	 405	 0.000347742
IO	 42	 404.883	 0.00034762
IO	 44	 404.75	 0.000347507
IO	 46	 404.65	 0.000347386
IO	 48	 404.517	 0.00034727
IO	 50	 404.4	 0.000347148
IO	 52	 404.283	 0.000347041
IO	 54	 404.167	 0.000346918
IO	 56	 404.067	 0.000346784
IO	 58	 403.967	 0.00034667
IO	 60	 403.85	 0.000346464
IO	 62	 403.733	 0.000346453
IO	 64	 403.633	 0.000346348
IO	 66	 403.5	 0.000346231
IO	 68	 403.383	 0.000346121
IO	 70	 403.267	 0.000346004
IO	 72	 403.15	 0.000345882
IO	 74	 403.033	 0.000345768
IO	 76	 402.917	 0.000345654
IO	 78	 402.8	 0.000345529
IO	 80	 402.7	 0.000345421
IO	 82	 402.583	 0.000345314
IO	 84	 402.467	 0.000345203
IO	 86	 402.35	 0.000345088
IO	 88	 402.25	 0.000344982
IO	 90	 402.15	 0.000344865
IO	 92	 402.033	 0.000344761
IO	 94	 401.917	 0.000344639
IO	 96	 401.8	 0.000344525
IO	 98	 401.683	 0.0003444
IO	 100	 401.583	 0.000344292
IO	 102	 401.467	 0.000344173
IO	 104	 401.35	 0.000344076
IO	 106	 401.267	 0.000343959
IO	 108	 401.15	 0.000343848
IO	 110	 401.017	 0.000343739
IO	 112	 400.917	 0.00034361
IO	 114	 400.8	 0.000343504
IO	 116	 400.667	 0.000343389
IO	 118	 400.567	 0.000343272
IO	 120	 400.45	 0.00034316
IO	 122	 400.333	 0.000343044
IO	 124	 400.217	 0.000342931
IO	 126	 400.117	 0.000342806
IO	 128	 399.983	 0.000342697
IO	 130	 399.867	 0.000342574
IO	 132	 399.75	 0.00034246
IO	 134	 399.6	 0.000342334
IO	 136	 399.483	 0.000342194
IO	 138	 399.367	 0.00034205
IO	 140	 399.25	 0.000341935
IO	 142	 399.133	 0.000341815
IO	 144	 399.017	 0.000341704
IO	 146	 398.9	 0.000341585
IO	 148	 398.783	 0.000341475
IO	 150	 398.65	 0.000341369
IO	 152	 398.5	 0.000341247
IO	 154	 398.383	 0.000341126
IO	 156	 398.283	 0.000341013
IO	 158	 398.167	 0.0003409
IO	 160	 398.05	 0.000340784
IO	 162	 397.933	 0.000340675
IO	 164	 397.817	 0.000340554
IO	 166	 397.717	 0.000340436
IO	 168	 397.6	 0.000340331
IO	 170	 397.5	 0.000340218
IO	 172	 397.367	 0.000340108
IO	 174	 397.25	 0.000339982
IO	 176	 397.133	 0.000339859
IO	 178	 397.033	 0.000339745
IO	 180	 396.917	 0.000339627
IO	 182	 396.8	 0.00033952
IO	 184	 396.667	 0.000339391
IO	 186	 396.55	 0.000339284
IO	 188	 396.433	 0.00033915
IO	 190	 396.317	 0.000339031
IO	 192	 396.2	 0.000338919
IO	 194	 396.067	 0.000338801
IO	 196	 395.95	 0.000338679
IO	 198	 395.85	 0.000338556
CPU	 1	 0.116675	 0.0146667
CPU	 3	 0.11665	 0.0032
CPU	 5	 0.08335	 0.011
CPU	 7	 0.1	 0.0156667
CPU	 9	 0.1	 0.00233333
CPU	 11	 0.11665	 0.0036
CPU	 13	 0.1	 0.00883333
CPU	 15	 0.116675	 0.0204
CPU	 17	 0.083325	 0.0198
CPU	 19	 0.116675	 0.019
CPU	 21	 0.116675	 0.0056
CPU	 23	 0.1	 0.0092
CPU	 25	 0.1	 0.008
CPU	 27	 0.11665	 0.0121667
CPU	 29	 0.1	 0.0018
CPU	 31	 0.1	 0.014
CPU	 33	 0.1	 0.0112
CPU	 35	 0.116675	 0.0038
CPU	 37	 0.1	 0.0106667
CPU	 39	 0.1	 0.0028
CPU	 41	 0.116675	 0.0206
CPU	 43	 0.1	 0.008
CPU	 45	 0.1	 0.0135
CPU	 47	 0.15	 0.0084
CPU	 49	 0.1	 0.009
IO	 0	 97.1167	 9.79849e-05
IO	 2	 97	 9.79863e-05
IO	 4	 96.8833	 9.78662e-05
IO	 6	 96.8	 9.77637e-05
IO	 8	 96.7	 9.76784e-05
IO	 10	 96.6	 9.75689e-05
IO	 12	 96.4834	 9.74658e-05
IO	 14	 96.3833	 9.73529e-05
IO	 16	 96.2667	 9.72562e-05
IO	 18	 96.1834	 9.71518e-05
IO	 20	 96.0667	 9.70512e-05
IO	 22	 95.95	 9.69384e-05
IO	 24	 95.85	 9.68233e-05
IO	 26	 95.75	 9.67221e-05
IO	 28	 95.65	 9.6618e-05
IO	 30	 95.55	 9.65096e-05
IO	 32	 95.4333	 9.64007e-05
IO	 34	 95.3333	 9.62911e-05
IO	 36	 95.2167	 9.61849e-05
IO	 38	 95.1	 9.6081e-05
IO	 40	 95	 9.59659e-05
IO	 42	 94.8833	 9.58517e-05
IO	 44	 94.7833	 9.57487e-05
IO	 46	 94.6833	 9.56517e-05
IO	 48	 94.5333	 9.55376e-05