CPU	 1	 0.11665	 0.011
CPU	 3	 0.1	 0.003
CPU	 5	 0.116675	 0.0192
CPU	 7	 0.1	 0.00933333
CPU	 9	 0.1	 0.0152
IO	 0	 19.2333	 1.85315e-05
IO	 2	 19.1167	 1.85303e-05
IO	 4	 19.0167	 1.84296e-05
IO	 6	 18.9	 1.83184e-05
IO	 8	 18.8	 1.82225e-05
CPU	 1	 0.133325	 0.0195
CPU	 3	 0.133325	 0.0102
CPU	 5	 0.13335	 0.0092
CPU	 7	 0.13335	 0.0131667
CPU	 9	 0.15	 0.0116
CPU	 11	 0.133325	 0.0086
CPU	 13	 0.133325	 0.0138333
CPU	 15	 0.166675	 0.0304
CPU	 17	 0.133325	 0.0208333
CPU	 19	 0.15	 0.00671429
CPU	 21	 0.15	 0.0174
CPU	 23	 0.13335	 0.0088
CPU	 25	 0.15	 0.0208333
CPU	 27	 0.183325	 0.0182
CPU	 29	 0.15	 0.0122
CPU	 31	 0.133325	 0.013
CPU	 33	 0.116675	 0.00966667
CPU	 35	 0.133325	 0.0078
CPU	 37	 0.13335	 0.0161667
CPU	 39	 0.11665	 0.0054
CPU	 41	 0.18335	 0.0294
CPU	 43	 0.16665	 0.0165
CPU	 45	 0.1	 0.015
CPU	 47	 0.116675	 0.00633333
CPU	 49	 0.133325	 0.0126667
CPU	 51	 0.116675	 0.004
CPU	 53	 0.16665	 0.029
CPU	 55	 0.13335	 0.0166667
CPU	 57	 0.11665	 0.004
CPU	 59	 0.13335	 0.0168333
CPU	 61	 0.15	 0.0158333
CPU	 63	 0.1	 0.00383333
CPU	 65	 0.16665	 0.0186
CPU	 67	 0.15	 0.0155
CPU	 69	 0.116675	 0.0046
CPU	 71	 0.11665	 0.005
CPU	 73	 0.15	 0.0163333
CPU	 75	 0.13335	 0.015
CPU	 77	 0.15	 0.0176667
CPU	 79	 0.11665	 0.0121667
CPU	 81	 0.116675	 0.0078
CPU	 83	 0.15	 0.01
CPU	 85	 0.11665	 0.0115
CPU	 87	 0.116675	 0.0062
CPU	 89	 0.133325	 0.0088
CPU	 91	 0.166675	 0.0182857
CPU	 93	 0.116675	 0.006
CPU	 95	 0.15	 0.004
CPU	 97	 0.13335	 0.0143333
CPU	 99	 0.13335	 0.007
IO	 0	 362.117	 0.000290368
IO	 2	 361.983	 0.000290364
IO	 4	 361.85	 0.00029024
IO	 6	 361.717	 0.000289971
IO	 8	 361.583	 0.000289976
IO	 10	 361.433	 0.000289837
IO	 12	 361.3	 0.000289687
IO	 14	 361.167	 0.000289567
IO	 16	 361	 0.000289434
IO	 18	 360.867	 0.00028928
IO	 20	 360.683	 0.00028915
IO	 22	 360.517	 0.000288999
IO	 24	 360.383	 0.00028886
IO	 26	 360.233	 0.000288734
IO	 28	 360.05	 0.000288586
IO	 30	 359.9	 0.000288402
IO	 32	 359.767	 0.000288281
IO	 34	 359.65	 0.000288152
IO	 36	 359.533	 0.000288024
IO	 38	 359.4	 0.000287909
IO	 40	 359.283	 0.000287776
IO	 42	 359.1	 0.000287666
IO	 44	 358.933	 0.000287491
IO	 46	 358.833	 0.00028735
IO	 48	 358.717	 0.000287255
IO	 50	 358.567	 0.000287121
IO	 52	 358.45	 0.000287006
IO	 54	 358.283	 0.000286894
IO	 56	 358.15	 0.000286731
IO	 58	 358.033	 0.000286616
IO	 60	 357.9	 0.000286493
IO	 62	 357.75	 0.000286378
IO	 64	 357.65	 0.000286222
IO	 66	 357.467	 0.000286112
IO	 68	 357.317	 0.000285955
IO	 70	 357.2	 0.00028582
IO	 72	 357.083	 0.0002857
IO	 74	 356.933	 0.000285596
IO	 76	 356.8	 0.000285446
IO	 78	 356.65	 0.000285318
IO	 80	 356.533	 0.000285165
IO	 82	 356.4	 0.000285015
IO	 84	 356.25	 0.000284911
IO	 86	 356.133	 0.000284785
IO	 88	 356.017	 0.000284662
IO	 90	 355.883	 0.000284556
IO	 92	 355.717	 0.000284429
IO	 94	 355.6	 0.000284268
IO	 96	 355.433	 0.000284141
IO	 98	 355.283	 0.000284015
CPU	 1	 0.23335	 0.0338333
CPU	 3	 0.21665	 0.0235
CPU	 5	 0.266675	 0.0042
CPU	 7	 0.266675	 0.0378333
CPU	 9	 0.2	 0.0198
CPU	 11	 0.21665	 0.03
CPU	 13	 0.266675	 0.0336667
CPU	 15	 0.283325	 0.0368
CPU	 17	 0.266675	 0.0321667
CPU	 19	 0.216675	 0.0227143
CPU	 21	 0.233325	 0.0264
CPU	 23	 0.233325	 0.0268
CPU	 25	 0.25	 0.0303333
CPU	 27	 0.1	 0.00116667
CPU	 29	 0.116675	 0.0044
CPU	 31	 0.116675	 0.0136667
CPU	 33	 0.11665	 0.0032
CPU	 35	 0.1	 0.0188
CPU	 37	 0.13335	 0.00816667
CPU	 39	 0.1	 0.0032
CPU	 41	 0.1	 0.0062
CPU	 43	 0.116675	 0.00633333
CPU	 45	 0.1	 0.0145
CPU	 47	 0.116675	 0.0162
CPU	 49	 0.1	 0.01
CPU	 51	 0.1	 0.0164
CPU	 53	 0.116675	 0.0105714
CPU	 55	 0.1	 0.009
CPU	 57	 0.116675	 0.0174
CPU	 59	 0.11665	 0.0052
CPU	 61	 0.116675	 0.007
CPU	 63	 0.1	 0.00616667
CPU	 65	 0.133325	 0.0066
CPU	 67	 0.1	 0.00883333
CPU	 69	 0.116675	 0.0202
CPU	 71	 0.1	 0.0018
CPU	 73	 0.11665	 0.0132857
CPU	 75	 0.116675	 0.0121667
CPU	 77	 0.116675	 0.0154
CPU	 79	 0.11665	 0.00883333
CPU	 81	 0.1	 0.00916667
CPU	 83	 0.1	 0.0124
CPU	 85	 0.116675	 0.0103333
CPU	 87	 0.11665	 0.0036
CPU	 89	 0.1	 0.0194
CPU	 91	 0.1	 0.01
CPU	 93	 0.1	 0.0158
CPU	 95	 0.116675	 0.011625
CPU	 97	 0.1	 0.013
CPU	 99	 0.11665	 0.00983333
CPU	 101	 0.116675	 0.0054
CPU	 103	 0.116675	 0.0114286
CPU	 105	 0.1	 0.0004
CPU	 107	 0.1	 0.0142
CPU	 109	 0.13335	 0.0113333
CPU	 111	 0.1	 0.002
CPU	 113	 0.11665	 0.0162
CPU	 115	 0.1	 0.008
CPU	 117	 0.1	 0.00616667
CPU	 119	 0.11665	 0.0052
CPU	 121	 0.116675	 0.0111667
CPU	 123	 0.1	 0.006
CPU	 125	 0.133325	 0.0074
CPU	 127	 0.116675	 0.0106667
CPU	 129	 0.1	 0.016
CPU	 131	 0.1	 0.0188
CPU	 133	 0.1	 0.00857143
CPU	 135	 0.116675	 0.0062
CPU	 137	 0.116675	 0.0036
CPU	 139	 0.116675	 0.0175
CPU	 141	 0.11665	 0.0048
CPU	 143	 0.116675	 0.0218
CPU	 145	 0.116675	 0.0155
CPU	 147	 0.11665	 0.0062
CPU	 149	 0.116675	 0.0226
CPU	 151	 0.1	 0.0118571
CPU	 153	 0.11665	 0.0056
CPU	 155	 0.116675	 0.006
CPU	 157	 0.133325	 0.0201667
CPU	 159	 0.116675	 0.0216
CPU	 161	 0.133325	 0.0084
CPU	 163	 0.116675	 0.011
CPU	 165	 0.11665	 0.006
CPU	 167	 0.1	 0.0101667
CPU	 169	 0.13335	 0.0198333
CPU	 171	 0.11665	 0.0062
CPU	 173	 0.116675	 0.0212
CPU	 175	 0.133325	 0.0123333
CPU	 177	 0.133325	 0.0066
CPU	 179	 0.116675	 0.00933333
CPU	 181	 0.116675	 0.0115
CPU	 183	 0.1	 0.0116667
CPU	 185	 0.116675	 0.0056
CPU	 187	 0.133325	 0.00833333
CPU	 189	 0.11665	 0.0084
CPU	 191	 0.13335	 0.0074
CPU	 193	 0.11665	 0.0103333
CPU	 195	 0.116675	 0.0202
CPU	 197	 0.116675	 0.0052
CPU	 199	 0.1	 0.0115714
IO	 0	 615.533	 0.000475556
IO	 2	 615.317	 0.000475548
IO	 4	 615.1	 0.000475316
IO	 6	 614.833	 0.000475103
IO	 8	 614.567	 0.00047486
IO	 10	 614.367	 0.000474623
IO	 12	 614.15	 0.000474426
IO	 14	 613.883	 0.000474228
IO	 16	 613.617	 0.000473981
IO	 18	 613.35	 0.00047371
IO	 20	 613.133	 0.000473446
IO	 22	 612.9	 0.000473245
IO	 24	 612.667	 0.000473008
IO	 26	 612.417	 0.000472795
IO	 28	 612.333	 0.000472572
IO	 30	 612.217	 0.000472472
IO	 32	 612.1	 0.000472356
IO	 34	 611.983	 0.000472264
IO	 36	 611.883	 0.000472149
IO	 38	 611.75	 0.000472041
IO	 40	 611.65	 0.000471933
IO	 42	 611.533	 0.000471833
IO	 44	 611.433	 0.00047172
IO	 46	 611.333	 0.00047161
IO	 48	 611.217	 0.000471526
IO	 50	 611.1	 0.000471417
IO	 52	 611	 0.000471313
IO	 54	 610.883	 0.000471207
IO	 56	 610.8	 0.000471104
IO	 58	 610.683	 0.000471005
IO	 60	 610.567	 0.000470903
IO	 62	 610.433	 0.000470786
IO	 64	 610.333	 0.000470677
IO	 66	 610.2	 0.000470555
IO	 68	 610.1	 0.000470441
IO	 70	 609.983	 0.000470337
IO	 72	 609.883	 0.000470237
IO	 74	 609.783	 0.000470146
IO	 76	 609.667	 0.000470024
IO	 78	 609.55	 0.000469918
IO	 80	 609.433	 0.000469807
IO	 82	 609.333	 0.000469705
IO	 84	 609.233	 0.000469605
IO	 86	 609.117	 0.000469496
IO	 88	 609	 0.000469393
IO	 90	 608.883	 0.000469297
IO	 92	 608.783	 0.000469178
IO	 94	 608.683	 0.000469076
IO	 96	 608.567	 0.000468983
IO	 98	 608.467	 0.000468876
IO	 100	 608.367	 0.000468785
IO	 102	 608.25	 0.000468668
IO	 104	 608.117	 0.00046856
IO	 106	 608.017	 0.000468448
IO	 108	 607.917	 0.000468348
IO	 110	 607.783	 0.000468243
IO	 112	 607.683	 0.000468114
IO	 114	 607.55	 0.00046802
IO	 116	 607.433	 0.000467907
IO	 118	 607.333	 0.000467803
IO	 120	 607.233	 0.000467696
IO	 122	 607.117	 0.000467591
IO	 124	 607	 0.000467472
IO	 126	 606.867	 0.000467361
IO	 128	 606.75	 0.000467251
IO	 130	 606.633	 0.000467136
IO	 132	 606.533	 0.00046703
IO	 134	 606.417	 0.000466922
IO	 136	 606.283	 0.000466805
IO	 138	 606.167	 0.000466693
IO	 140	 606.067	 0.00046658
IO	 142	 605.95	 0.000466449
IO	 144	 605.833	 0.000466345
IO	 146	 605.717	 0.000466231
IO	 148	 605.6	 0.000466123
IO	 150	 605.467	 0.000465992
IO	 152	 605.367	 0.000465894
IO	 154	 605.233	 0.00046579
IO	 156	 605.117	 0.00046566
IO	 158	 604.983	 0.000465548
IO	 160	 604.867	 0.000465424
IO	 162	 604.733	 0.000465303
IO	 164	 604.617	 0.000465189
IO	 166	 604.5	 0.000465075
IO	 168	 604.417	 0.000464963
IO	 170	 604.283	 0.000464867
IO	 172	 604.15	 0.000464742
IO	 174	 604.033	 0.000464622
IO	 176	 603.9	 0.000464501
IO	 178	 603.767	 0.000464381
IO	 180	 603.65	 0.000464255
IO	 182	 603.517	 0.00046414
IO	 184	 603.4	 0.000464023
IO	 186	 603.283	 0.000463897
IO	 188	 603.133	 0.000463787
IO	 190	 603.017	 0.000463658
IO	 192	 602.883	 0.00046355
IO	 194	 602.767	 0.000463405
IO	 196	 602.65	 0.00046331
IO	 198	 602.533	 0.000463187
CPU	 1	 0.133325	 0.0141667
CPU	 3	 0.116675	 0.005
CPU	 5	 0.166675	 0.0168
CPU	 7	 0.16665	 0.0171667
CPU	 9	 0.15	 0.0221667
CPU	 11	 0.15	 0.0118
CPU	 13	 0.18335	 0.0205
CPU	 15	 0.166675	 0.0188
CPU	 17	 0.25	 0.017
CPU	 19	 0.2	 0.0228333
CPU	 21	 0.116675	 0.00683333
CPU	 23	 0.15	 0.0236
CPU	 25	 0.15	 0.0145
CPU	 27	 0.15	 0.0094
CPU	 29	 0.16665	 0.0158
CPU	 31	 0.15	 0.015
CPU	 33	 0.133325	 0.0055
CPU	 35	 0.2	 0.0218
CPU	 37	 0.2	 0.024
CPU	 39	 0.183325	 0.0202
CPU	 41	 0.13335	 0.0222
CPU	 43	 0.15	 0.0103333
CPU	 45	 0.116675	 0.0065
CPU	 47	 0.1	 0.0054
CPU	 49	 0.133325	 0.0118333
IO	 0	 96.3	 9.2495e-05
IO	 2	 96.1667	 9.24929e-05
IO	 4	 96.05	 9.23604e-05
IO	 6	 95.8833	 9.22531e-05
IO	 8	 95.7167	 9.21108e-05
IO	 10	 95.5667	 9.19595e-05
IO	 12	 95.4167	 9.18139e-05
IO	 14	 95.2333	 9.16509e-05
IO	 16	 95.05	 9.14762e-05
IO	 18	 94.8	 9.13044e-05
IO	 20	 94.6	 9.10746e-05
IO	 22	 94.4833	 9.08876e-05
IO	 24	 94.3333	 9.07673e-05
IO	 26	 94.1833	 9.06191e-05
IO	 28	 94.0333	 9.04832e-05
IO	 30	 93.8667	 9.03468e-05
IO	 32	 93.7	 9.01741e-05
IO	 34	 93.5667	 9.00331e-05
IO	 36	 93.3667	 8.99108e-05
IO	 38	 93.1667	 8.96987e-05
IO	 40	 92.9667	 8.95066e-05
IO	 42	 92.8333	 8.93225e-05
IO	 44	 92.6667	 8.91864e-05
IO	 46	 92.55	 8.90462e-05
IO	 48	 92.4333	 8.89248e-05